txt

EXPERIENCIA 1 DO ENUNCIADO

1ª tentativa

Generation;BestFitness;         AverageFitnessPopulation;BestMaxDistance;BestMaxDistanceTime;BestNumberOfWheels;BestCarMass;BestIsRoadComplete

1;186,707061767578;49,5408149242401;242,4336;19,52739;13;359,2983;False
2;307,602325439453;63,5381755769253;402,4926;22,93131;11;330,9438;False
3;377,575073242188;66,5532464370131;495,3979;24,10657;12;379,0319;False
4;205,042510986328;75,3689139202237;267,2507;18,41786;13;370,3569;False
5;307,423126220703;89,1297178804874;401,9547;23,82854;14;367,6773;False
6;266,238220214844;101,479043918848;348,7986;18,5571;13;334,1976;False
7;265,424194335938;61,9502945020795;346,3258;22,71947;13;340,7479;False
8;187,899642944336;51,3501719422638;242,0854;25,34241;13;350,6721;False
9;243,316833496094;36,958981089294;318,28;18,42737;12;293,7695;False
10;268,088195800781;80,5308104842901;349,3049;24,43817;12;273,2797;False
11;166,860260009766;30,7654896304011;217,8795;13,80264;12;296,229;False
12;285,339294433594;68,7086484268308;373,6338;20,45584;12;257,4137;False
13;287,488006591797;52,224121594429;375,7305;22,76065;13;306,0163;False
14;207,36865234375;65,614090937376;266,0862;31,21606;13;357,4071;False
15;182,664535522461;54,0667898863554;238,2013;16,05411;12;295,6362;False
16;264,136840820313;72,1550773829222;345,7252;19,37173;10;346,9951;False
17;147,124450683594;45,8375860452652;190,8927;15,81982;13;333,5516;False
18;150,558166503906;47,8280895933509;194,5207;18,67053;12;417,1559;False
19;248,725677490234;70,5030622139573;318,1477;40,45947;11;345,95;False
20;206,813446044922;25,8393991678953;269,4317;18,95868;12;363,6017;False
21;272,676452636719;56,5511280298233;348,2154;46,05975;12;351,1933;False
22;401,856262207031;72,1483557101339;527,1895;25,85657;11;362,4532;False
23;353,180847167969;69,8309221036732;464,1185;20,36786;12;321,3993;False
24;267,282958984375;70,283933287859;348,8242;22,65912;12;347,7177;False
25;214,717864990234;59,310882461071;279,3239;20,89972;12;311,7309;False
26;225,445129394531;50,0282801866531;292,0455;25,6441;12;306,8667;False
27;401,693359375;95,9921349465847;526,8234;26,30316;14;289,1111;False
28;402,714233398438;117,179441440105;528,3562;25,78833;13;349,7189;False
29;287,617034912109;75,9888398200274;375,0506;25,31641;14;434,5207;False
30;328,600799560547;75,2081137374043;430,1717;23,888;8;363,5061;False











2ª tentativa

1;245,084533691406;69,8766326121986;319,5818;21,5926;11;258,881;False
2;205,213012695313;51,722255160287;264,7146;26,70837;13;324,6223;False
3;185,290679931641;70,9101932525635;240,8876;18,49993;11;380,6609;False
4;308,322784423828;81,4233198225498;404,0625;21,1036;14;311,1015;False
5;286,291320800781;104,111327708513;374,0031;23,15601;13;404,2611;False
6;201,854095458984;44,4369732771069;263,4735;16,99591;12;356,1108;False
7;286,937866210938;82,446043677628;375,5134;21,2113;12;241,5806;False
8;355,208343505859;43,5840162850916;465,8755;23,20691;13;316,203;False
9;289,912963867188;71,9894518058747;378,3189;24,69507;13;313,4255;False
10;329,590972900391;68,9416191346943;432,6163;20,51486;12;354,6589;False
11;245,454391479492;37,1264694489539;319,4489;23,47073;13;401,1061;False
12;244,257843017578;54,2136872336268;319,1116;19,69653;12;308,0367;False
13;223,142196655273;72,4824791193008;290,9005;19,86743;12;363,33;False
14;268,307891845703;71,4117751032114;348,8294;26,74347;13;361,8999;False
15;333,726226806641;121,356485712528;437,2001;23,30463;13;321,7531;False
16;284,997131347656;52,6364623196423;373,428;19,70435;11;344,9904;False
17;246,371688842773;77,611113256216;321,1174;22,13446;13;290,3709;False
18;224,006286621094;63,8445215933025;293,011;16,99207;12;293,6673;False
19;307,077911376953;59,8031804546714;402,5378;20,69818;13;367,8142;False
20;247,479705810547;68,4561122067273;323,7717;18,6037;10;338,5814;False
21;244,448577880859;50,3543878898025;319,7449;18,55957;13;332,4239;False
22;289,293975830078;61,7203544914722;377,1799;25,63611;14;310,5939;False
23;286,909759521484;73,4567847549915;376,7895;17,27069;14;294,0264;False
24;248,350357055664;72,7409900046885;324,3007;20,49945;13;317,3105;False
25;354,602752685547;102,199172565341;465,4889;21,9444;14;381,1838;False
26;309,264923095703;79,7113608770073;402,2425;30,33209;14;386,3033;False
27;308,06103515625;105,365675775707;403,7903;20,87329;12;342,092;False
28;240,258270263672;59,821350608021;312,7989;22,63647;12;409,1401;False
29;187,377822875977;65,4997026473284;241,6753;24,48541;13;308,4032;False
30;267,510223388672;73,6865181878209;349,6086;21,21515;12;311,5236;False






3º tentativa

1;332,067413330078;68,8128945320845;435,318;22,31567;11;360,8297;False
2;333,146820068359;78,4726083576679;434,3979;29,39368;14;458,8789;False
3;266,201751708984;66,7812856763601;347,4918;22,33151;11;350,9655;False
4;285,533172607422;86,2099474921823;373,672;21,11675;11;328,1879;False
5;267,272094726563;64,8802887890488;349,823;19,61951;10;324,1174;False
6;285,670837402344;54,453088092804;373,3775;22,55095;11;394,8176;False
7;185,288970947266;46,7934342503548;241,0131;18,11671;11;378,0178;False
7;185,288970947266;46,7934342503548;241,0131;18,11671;11;378,0178;False
8;296,220367431641;71,4243358805776;386,7542;24,61896;10;360,6615;False
9;329,756256103516;67,8300672993064;431,5609;24,34244;12;324,0118;False
10;329,413543701172;78,0398743540049;430,2632;26,86444;12;348,5377;False
11;269,220672607422;83,9656916491687;351,1595;23,40408;13;376,0352;False
12;263,266387939453;80,8130745306611;342,5432;25,43613;12;360,093;False
13;225,388610839844;60,117592805624;292,4572;24,18277;12;375,1682;False
14;192,982376098633;65,0843865416944;250,6806;19,88779;12;342,4641;False
15;329,445922851563;72,2870123714209;431,7574;22,51132;12;314,3369;False
16;203,684463500977;44,1845635056496;265,9543;16,87509;13;365,8159;False
17;286,681121826172;75,8992436550558;375,5617;20,03949;11;320,7771;False
18;224,887878417969;66,490695348382;292,2287;22,86554;14;267,9891;False
19;305,39306640625;63,6649040617049;398,9131;24,83313;12;317,2026;False
20;286,126098632813;76,9198031112552;373,3778;24,37085;12;336,3689;False
21;266,299743652344;61,405192040652;348,2679;20,39532;13;339,0486;False
22;204,024230957031;66,4958000227809;265,7772;18,76538;13;269,4031;False
23;269,56201171875;75,4548797905445;347,1847;36,69391;14;316,8579;False
24;185,825958251953;53,4974159613252;241,5923;18,52704;11;353,0891;False
25;227,377349853516;34,5451664663851;291,7899;34,13959;12;278,3395;False
26;168,619903564453;52,9704675972462;220,2869;13,6189;11;273,0856;False
27;187,183441162109;61,9352513790131;239,0913;31,4599;13;287,9564;False
28;307,812133789063;60,3643088459969;401,9033;25,5387;12;375,7685;False
29;167,421691894531;51,2369148425758;218,1915;15,11224;12;315,3215;False
30;401,609588623047;69,0076735831797;526,3026;27,53052;13;375,5262;False






